130.35667,1,176,144,54590,12,27,1537,0,1564,64483,825054,0,889537,1,56000,12.00,176,144,22508,0.612
130.35667,1,176,144,54590,12,27,1537,0,1564,64483,825054,0,889537,3,56000,12.00,176,144,36288,1.224
130.35667,1,176,144,54590,12,27,1537,0,1564,64483,825054,0,889537,4,56000,12.00,176,144,48748,0.308
130.35667,1,176,144,54590,12,27,1537,0,1564,64483,825054,0,889537,2,56000,12.00,176,144,61376,1.3
204.938,2,480,360,297373,16,111,3169,0,3280,1451634,6166260,0,7617894,1,56000,12.00,176,144,76084,1.004
204.938,2,480,360,297373,16,111,3169,0,3280,1451634,6166260,0,7617894,3,56000,12.00,176,144,82764,1.428
204.938,2,480,360,297373,16,111,3169,0,3280,1451634,6166260,0,7617894,4,56000,12.00,176,144,84300,0.656
204.938,2,480,360,297373,16,111,3169,0,3280,1451634,6166260,0,7617894,2,56000,12.00,176,144,90560,1.264
239.14166,2,480,360,500198,25,110,5868,0,5978,1406751,13545526,0,14952277,1,56000,12.00,176,144,94224,1.392
239.14166,2,480,360,500198,25,110,5868,0,5978,1406751,13545526,0,14952277,3,56000,12.00,176,144,99220,1.92
239.14166,2,480,360,500198,25,110,5868,0,5978,1406751,13545526,0,14952277,4,56000,12.00,176,144,107440,0.964
239.14166,2,480,360,500198,25,110,5868,0,5978,1406751,13545526,0,14952277,2,56000,12.00,176,144,116572,2.024
290.01666,1,176,144,52783,12,61,3417,0,3478,119325,1794184,0,1913509,1,56000,12.00,176,144,123228,0.588
290.01666,1,176,144,52783,12,61,3417,0,3478,119325,1794184,0,1913509,3,56000,12.00,176,144,130204,1.12
290.01666,1,176,144,52783,12,61,3417,0,3478,119325,1794184,0,1913509,4,56000,12.00,176,144,135672,0.324
290.01666,1,176,144,52783,12,61,3417,0,3478,119325,1794184,0,1913509,2,56000,12.00,176,144,136288,1.328
52.68,2,480,360,372001,25,53,1265,0,1318,870136,1579497,0,2449633,1,56000,12.00,176,144,139940,1.572
52.68,2,480,360,372001,25,53,1265,0,1318,870136,1579497,0,2449633,3,56000,12.00,176,144,140080,2.048
52.68,2,480,360,372001,25,53,1265,0,1318,870136,1579497,0,2449633,4,56000,12.00,176,144,140080,0.988
52.68,2,480,360,372001,25,53,1265,0,1318,870136,1579497,0,2449633,2,56000,12.00,176,144,155028,1.976
59.883,3,1280,720,994960,30.38983,13,1780,0,1793,481774,6965881,0,7447655,1,56000,12.00,176,144,155028,3.264
59.883,3,1280,720,994960,30.38983,13,1780,0,1793,481774,6965881,0,7447655,3,56000,12.00,176,144,155028,3.496
59.883,3,1280,720,994960,30.38983,13,1780,0,1793,481774,6965881,0,7447655,4,56000,12.00,176,144,158436,2.916
59.883,3,1280,720,994960,30.38983,13,1780,0,1793,481774,6965881,0,7447655,2,56000,12.00,176,144,162520,4
177.33333,1,176,144,53707,12,37,2091,0,2128,100969,1089548,0,1190517,1,56000,12.00,176,144,162996,0.604
177.33333,1,176,144,53707,12,37,2091,0,2128,100969,1089548,0,1190517,3,56000,12.00,176,144,163024,0.96
177.33333,1,176,144,53707,12,37,2091,0,2128,100969,1089548,0,1190517,4,56000,12.00,176,144,163064,0.32
177.33333,1,176,144,53707,12,37,2091,0,2128,100969,1089548,0,1190517,2,56000,12.00,176,144,163632,1.1
714.371,3,1280,720,652356,29.981792,143,21264,0,21407,14532530,43720516,0,58253046,1,56000,12.00,176,144,164736,3.36
714.371,3,1280,720,652356,29.981792,143,21264,0,21407,14532530,43720516,0,58253046,3,56000,12.00,176,144,164888,3.632
714.371,3,1280,720,652356,29.981792,143,21264,0,21407,14532530,43720516,0,58253046,4,56000,12.00,176,144,164988,2.864
714.371,3,1280,720,652356,29.981792,143,21264,0,21407,14532530,43720516,0,58253046,2,56000,12.00,176,144,165564,3.76
906.5983,1,176,144,56108,12,187,10692,0,10879,597549,5760936,0,6358485,1,56000,12.00,176,144,165668,0.62
906.5983,1,176,144,56108,12,187,10692,0,10879,597549,5760936,0,6358485,3,56000,12.00,176,144,165668,1.076
906.5983,1,176,144,56108,12,187,10692,0,10879,597549,5760936,0,6358485,4,56000,12.00,176,144,165668,0.292
906.5983,1,176,144,56108,12,187,10692,0,10879,597549,5760936,0,6358485,2,56000,12.00,176,144,165668,1.12
476.957,3,1280,720,1387100,30.05252,105,14200,0,14305,3487520,79210885,0,82698405,1,56000,12.00,176,144,165668,3.128
476.957,3,1280,720,1387100,30.05252,105,14200,0,14305,3487520,79210885,0,82698405,3,56000,12.00,176,144,165696,3.3
476.957,3,1280,720,1387100,30.05252,105,14200,0,14305,3487520,79210885,0,82698405,4,56000,12.00,176,144,165700,2.764
476.957,3,1280,720,1387100,30.05252,105,14200,0,14305,3487520,79210885,0,82698405,2,56000,12.00,176,144,165700,3.504
316.95166,1,176,144,55396,12,64,3739,0,3803,111850,2082902,0,2194752,1,56000,12.00,176,144,165700,0.632
316.95166,1,176,144,55396,12,64,3739,0,3803,111850,2082902,0,2194752,3,56000,12.00,176,144,165700,1.084
316.95166,1,176,144,55396,12,64,3739,0,3803,111850,2082902,0,2194752,4,56000,12.00,176,144,165700,0.268
316.95166,1,176,144,55396,12,64,3739,0,3803,111850,2082902,0,2194752,2,56000,12.00,176,144,165700,1.22
34.168,3,480,360,186895,30.029411,16,1005,0,1021,238485,559745,0,798230,1,56000,12.00,176,144,165700,1.096
34.168,3,480,360,186895,30.029411,16,1005,0,1021,238485,559745,0,798230,3,56000,12.00,176,144,165700,1.58
34.168,3,480,360,186895,30.029411,16,1005,0,1021,238485,559745,0,798230,4,56000,12.00,176,144,165700,0.856
34.168,3,480,360,186895,30.029411,16,1005,0,1021,238485,559745,0,798230,2,56000,12.00,176,144,165700,1.316
750.433,3,1280,720,794075,13.482667,81,10031,0,10112,3852576,70635013,0,74487589,1,56000,12.00,176,144,165700,1.908
750.433,3,1280,720,794075,13.482667,81,10031,0,10112,3852576,70635013,0,74487589,3,56000,12.00,176,144,165700,2.136
750.433,3,1280,720,794075,13.482667,81,10031,0,10112,3852576,70635013,0,74487589,4,56000,12.00,176,144,165700,1.54
750.433,3,1280,720,794075,13.482667,81,10031,0,10112,3852576,70635013,0,74487589,2,56000,12.00,176,144,165700,2.184
216.55,2,320,240,291150,29,112,6379,0,6491,1789334,6091735,0,7881069,1,56000,12.00,176,144,175992,1.528
216.55,2,320,240,291150,29,112,6379,0,6491,1789334,6091735,0,7881069,3,56000,12.00,176,144,188304,1.376
216.55,2,320,240,291150,29,112,6379,0,6491,1789334,6091735,0,7881069,4,56000,12.00,176,144,200648,0.648
216.55,2,320,240,291150,29,112,6379,0,6491,1789334,6091735,0,7881069,2,56000,12.00,176,144,210004,1.332
326.583,3,640,480,1055982,25.039877,102,8061,0,8163,1868804,41239444,0,43108248,1,56000,12.00,176,144,212576,1.7
326.583,3,640,480,1055982,25.039877,102,8061,0,8163,1868804,41239444,0,43108248,3,56000,12.00,176,144,212772,1.736
326.583,3,640,480,1055982,25.039877,102,8061,0,8163,1868804,41239444,0,43108248,4,56000,12.00,176,144,213080,1.144
326.583,3,640,480,1055982,25.039877,102,8061,0,8163,1868804,41239444,0,43108248,2,56000,12.00,176,144,215388,2.38
39.055,2,1920,1080,5992818,30,26,1144,0,1170,839251,28416939,0,29256190,1,56000,12.00,176,144,215712,9.885
39.055,2,1920,1080,5992818,30,26,1144,0,1170,839251,28416939,0,29256190,3,56000,12.00,176,144,215848,9.973
39.055,2,1920,1080,5992818,30,26,1144,0,1170,839251,28416939,0,29256190,4,56000,12.00,176,144,216020,9.789
39.055,2,1920,1080,5992818,30,26,1144,0,1170,839251,28416939,0,29256190,2,56000,12.00,176,144,216020,11.401
157.80167,2,1280,720,2885589,25,72,3873,0,3945,5611970,51306874,0,56918844,1,56000,12.00,176,144,216020,3.836
157.80167,2,1280,720,2885589,25,72,3873,0,3945,5611970,51306874,0,56918844,3,56000,12.00,176,144,216020,4.156
157.80167,2,1280,720,2885589,25,72,3873,0,3945,5611970,51306874,0,56918844,4,56000,12.00,176,144,216056,3.556
157.80167,2,1280,720,2885589,25,72,3873,0,3945,5611970,51306874,0,56918844,2,56000,12.00,176,144,216064,4.512
274.541,3,480,360,139791,30.029198,58,8170,0,8228,802625,3994697,0,4797322,1,56000,12.00,176,144,216064,1.532
274.541,3,480,360,139791,30.029198,58,8170,0,8228,802625,3994697,0,4797322,3,56000,12.00,176,144,216064,1.524
274.541,3,480,360,139791,30.029198,58,8170,0,8228,802625,3994697,0,4797322,4,56000,12.00,176,144,216820,0.78
274.541,3,480,360,139791,30.029198,58,8170,0,8228,802625,3994697,0,4797322,2,56000,12.00,176,144,216820,1.52
110.966995,2,480,360,397112,30,59,3271,0,3330,529627,4978664,0,5508291,1,56000,12.00,176,144,216820,1.912
110.966995,2,480,360,397112,30,59,3271,0,3330,529627,4978664,0,5508291,3,56000,12.00,176,144,216820,1.648
110.966995,2,480,360,397112,30,59,3271,0,3330,529627,4978664,0,5508291,4,56000,12.00,176,144,216820,0.964
110.966995,2,480,360,397112,30,59,3271,0,3330,529627,4978664,0,5508291,2,56000,12.00,176,144,216820,2.192
304.927,3,320,240,134334,25.075659,82,7541,0,7623,833754,4286526,0,5120280,1,56000,12.00,176,144,216820,1.412
304.927,3,320,240,134334,25.075659,82,7541,0,7623,833754,4286526,0,5120280,3,56000,12.00,176,144,216820,1.444
304.927,3,320,240,134334,25.075659,82,7541,0,7623,833754,4286526,0,5120280,4,56000,12.00,176,144,216820,0.572
304.927,3,320,240,134334,25.075659,82,7541,0,7623,833754,4286526,0,5120280,2,56000,12.00,176,144,216820,1.22
255.28,4,320,240,250276,25,110,6272,0,6382,611474,7374864,0,7986338,1,56000,12.00,176,144,216820,0.98
255.28,4,320,240,250276,25,110,6272,0,6382,611474,7374864,0,7986338,3,56000,12.00,176,144,216820,1.188
255.28,4,320,240,250276,25,110,6272,0,6382,611474,7374864,0,7986338,4,56000,12.00,176,144,216820,0.376
255.28,4,320,240,250276,25,110,6272,0,6382,611474,7374864,0,7986338,2,56000,12.00,176,144,216820,1.36
286.995,2,480,360,508160,23,156,6726,0,6882,2285153,15944803,0,18229956,1,56000,12.00,176,144,216820,1.288
286.995,2,480,360,508160,23,156,6726,0,6882,2285153,15944803,0,18229956,3,56000,12.00,176,144,216820,2.096
286.995,2,480,360,508160,23,156,6726,0,6882,2285153,15944803,0,18229956,4,56000,12.00,176,144,216820,1.004
286.995,2,480,360,508160,23,156,6726,0,6882,2285153,15944803,0,18229956,2,56000,12.00,176,144,216820,1.844
458.625,2,640,480,517364,29,245,13501,0,13746,5308581,24350943,0,29659524,1,56000,12.00,176,144,216820,1.528
458.625,2,640,480,517364,29,245,13501,0,13746,5308581,24350943,0,29659524,3,56000,12.00,176,144,216820,1.86
458.625,2,640,480,517364,29,245,13501,0,13746,5308581,24350943,0,29659524,4,56000,12.00,176,144,216820,1.176
458.625,2,640,480,517364,29,245,13501,0,13746,5308581,24350943,0,29659524,2,56000,12.00,176,144,216820,1.808
42.2,2,480,360,288705,25,23,1033,0,1056,216154,1306770,0,1522924,1,56000,12.00,176,144,216820,1.756
42.2,2,480,360,288705,25,23,1033,0,1056,216154,1306770,0,1522924,3,56000,12.00,176,144,216820,1.288
42.2,2,480,360,288705,25,23,1033,0,1056,216154,1306770,0,1522924,4,56000,12.00,176,144,216820,0.736
42.2,2,480,360,288705,25,23,1033,0,1056,216154,1306770,0,1522924,2,56000,12.00,176,144,216820,1.348
107.443,3,480,360,320011,30.093458,30,3190,0,3220,671936,3625932,0,4297868,1,56000,12.00,176,144,216820,1.48
107.443,3,480,360,320011,30.093458,30,3190,0,3220,671936,3625932,0,4297868,3,56000,12.00,176,144,216820,1.784
107.443,3,480,360,320011,30.093458,30,3190,0,3220,671936,3625932,0,4297868,4,56000,12.00,176,144,216820,0.92
107.443,3,480,360,320011,30.093458,30,3190,0,3220,671936,3625932,0,4297868,2,56000,12.00,176,144,216820,1.592
225.08,2,480,360,538452,25,113,5515,0,5628,1873408,13275961,0,15149369,1,56000,12.00,176,144,216820,1.588
225.08,2,480,360,538452,25,113,5515,0,5628,1873408,13275961,0,15149369,3,56000,12.00,176,144,216820,1.612
225.08,2,480,360,538452,25,113,5515,0,5628,1873408,13275961,0,15149369,4,56000,12.00,176,144,216820,0.928
225.08,2,480,360,538452,25,113,5515,0,5628,1873408,13275961,0,15149369,2,56000,12.00,176,144,216820,1.804
217.518,2,480,360,83054,29,112,6408,0,6520,406683,1851539,0,2258222,1,56000,12.00,176,144,216820,1.816
217.518,2,480,360,83054,29,112,6408,0,6520,406683,1851539,0,2258222,3,56000,12.00,176,144,216820,1.328
217.518,2,480,360,83054,29,112,6408,0,6520,406683,1851539,0,2258222,4,56000,12.00,176,144,217080,0.76
217.518,2,480,360,83054,29,112,6408,0,6520,406683,1851539,0,2258222,2,56000,12.00,176,144,217080,1.568
64.933,4,320,240,236793,15,39,936,0,975,318954,1603007,0,1921961,1,56000,12.00,176,144,217080,1.044
64.933,4,320,240,236793,15,39,936,0,975,318954,1603007,0,1921961,3,56000,12.00,176,144,217080,1.068
64.933,4,320,240,236793,15,39,936,0,975,318954,1603007,0,1921961,4,56000,12.00,176,144,217080,0.34
64.933,4,320,240,236793,15,39,936,0,975,318954,1603007,0,1921961,2,56000,12.00,176,144,217080,1.148
448.575,3,1280,720,2052426,30.002232,92,13349,0,13441,9132637,105950761,0,115083398,1,56000,12.00,176,144,217080,3.996
448.575,3,1280,720,2052426,30.002232,92,13349,0,13441,9132637,105950761,0,115083398,3,56000,12.00,176,144,217080,4.776
448.575,3,1280,720,2052426,30.002232,92,13349,0,13441,9132637,105950761,0,115083398,4,56000,12.00,176,144,217080,3.788
448.575,3,1280,720,2052426,30.002232,92,13349,0,13441,9132637,105950761,0,115083398,2,56000,12.00,176,144,217080,4.9
222.53334,2,480,360,500449,30,219,6457,0,6676,2821722,11099102,0,13920824,1,56000,12.00,176,144,217324,1.308
222.53334,2,480,360,500449,30,219,6457,0,6676,2821722,11099102,0,13920824,3,56000,12.00,176,144,217336,1.76
222.53334,2,480,360,500449,30,219,6457,0,6676,2821722,11099102,0,13920824,4,56000,12.00,176,144,217348,0.86
222.53334,2,480,360,500449,30,219,6457,0,6676,2821722,11099102,0,13920824,2,56000,12.00,176,144,217348,1.672
127.221664,2,1920,1080,3080852,23,70,2980,0,3050,3818903,45174992,0,48993895,1,56000,12.00,176,144,217348,7.748
127.221664,2,1920,1080,3080852,23,70,2980,0,3050,3818903,45174992,0,48993895,3,56000,12.00,176,144,217348,8.001
127.221664,2,1920,1080,3080852,23,70,2980,0,3050,3818903,45174992,0,48993895,4,56000,12.00,176,144,217436,7.628
127.221664,2,1920,1080,3080852,23,70,2980,0,3050,3818903,45174992,0,48993895,2,56000,12.00,176,144,217544,8.861
384.451,2,640,480,646432,29,205,11318,0,11523,2839955,28225248,0,31065203,1,56000,12.00,176,144,217544,1.968
384.451,2,640,480,646432,29,205,11318,0,11523,2839955,28225248,0,31065203,3,56000,12.00,176,144,217568,2.36
384.451,2,640,480,646432,29,205,11318,0,11523,2839955,28225248,0,31065203,4,56000,12.00,176,144,217828,1.416
384.451,2,640,480,646432,29,205,11318,0,11523,2839955,28225248,0,31065203,2,56000,12.00,176,144,217828,2.336
98.683334,1,176,144,55552,12,20,1164,0,1184,48267,636993,0,685260,1,56000,12.00,176,144,217852,0.528
98.683334,1,176,144,55552,12,20,1164,0,1184,48267,636993,0,685260,3,56000,12.00,176,144,217868,0.704
98.683334,1,176,144,55552,12,20,1164,0,1184,48267,636993,0,685260,4,56000,12.00,176,144,217880,0.272
98.683334,1,176,144,55552,12,20,1164,0,1184,48267,636993,0,685260,2,56000,12.00,176,144,218136,0.828
189.956,4,320,240,231296,29,97,5597,0,5694,580292,4911734,0,5492026,1,56000,12.00,176,144,218192,1.268
189.956,4,320,240,231296,29,97,5597,0,5694,580292,4911734,0,5492026,3,56000,12.00,176,144,218664,0.844
189.956,4,320,240,231296,29,97,5597,0,5694,580292,4911734,0,5492026,4,56000,12.00,176,144,218664,0.38
189.956,4,320,240,231296,29,97,5597,0,5694,580292,4911734,0,5492026,2,56000,12.00,176,144,218664,1.156
250.017,2,320,240,153059,29,128,7366,0,7494,856855,3926589,0,4783444,1,56000,12.00,176,144,218664,1.528
250.017,2,320,240,153059,29,128,7366,0,7494,856855,3926589,0,4783444,3,56000,12.00,176,144,218664,1.404
250.017,2,320,240,153059,29,128,7366,0,7494,856855,3926589,0,4783444,4,56000,12.00,176,144,218664,0.636
250.017,2,320,240,153059,29,128,7366,0,7494,856855,3926589,0,4783444,2,56000,12.00,176,144,218900,1.516
43.827,4,320,240,272273,25,23,1081,0,1104,137210,1354404,0,1491614,1,56000,12.00,176,144,218932,1.364
43.827,4,320,240,272273,25,23,1081,0,1104,137210,1354404,0,1491614,3,56000,12.00,176,144,218932,1.712
43.827,4,320,240,272273,25,23,1081,0,1104,137210,1354404,0,1491614,4,56000,12.00,176,144,218932,0.516
43.827,4,320,240,272273,25,23,1081,0,1104,137210,1354404,0,1491614,2,56000,12.00,176,144,218932,1.42
581.233,2,480,360,295979,30,310,17128,0,17438,10151572,11352574,0,21504146,1,56000,12.00,176,144,218932,1.412
581.233,2,480,360,295979,30,310,17128,0,17438,10151572,11352574,0,21504146,3,56000,12.00,176,144,218932,1.832
581.233,2,480,360,295979,30,310,17128,0,17438,10151572,11352574,0,21504146,4,56000,12.00,176,144,218932,0.944
581.233,2,480,360,295979,30,310,17128,0,17438,10151572,11352574,0,21504146,2,56000,12.00,176,144,218932,1.704
176.901,3,480,360,26968,25.113636,38,4382,0,4420,393395,202954,0,596349,1,56000,12.00,176,144,218932,1.072
176.901,3,480,360,26968,25.113636,38,4382,0,4420,393395,202954,0,596349,3,56000,12.00,176,144,218932,1.14
176.901,3,480,360,26968,25.113636,38,4382,0,4420,393395,202954,0,596349,4,56000,12.00,176,144,218932,0.576
176.901,3,480,360,26968,25.113636,38,4382,0,4420,393395,202954,0,596349,2,56000,12.00,176,144,218932,0.816
326.58832,2,1920,1080,5999648,23,174,7656,0,7830,16603953,228322925,0,244926878,1,56000,12.00,176,144,218932,8.465
326.58832,2,1920,1080,5999648,23,174,7656,0,7830,16603953,228322925,0,244926878,3,56000,12.00,176,144,218932,8.757
326.58832,2,1920,1080,5999648,23,174,7656,0,7830,16603953,228322925,0,244926878,4,56000,12.00,176,144,218932,8.421
326.58832,2,1920,1080,5999648,23,174,7656,0,7830,16603953,228322925,0,244926878,2,56000,12.00,176,144,218932,9.705
645.84,3,320,240,95903,25.032558,138,16008,0,16146,1081321,6660941,0,7742262,1,56000,12.00,176,144,218932,1.28
645.84,3,320,240,95903,25.032558,138,16008,0,16146,1081321,6660941,0,7742262,3,56000,12.00,176,144,218932,1.528
645.84,3,320,240,95903,25.032558,138,16008,0,16146,1081321,6660941,0,7742262,4,56000,12.00,176,144,219200,0.6
645.84,3,320,240,95903,25.032558,138,16008,0,16146,1081321,6660941,0,7742262,2,56000,12.00,176,144,219200,1.36
74.535,1,176,144,55305,12,15,879,0,894,23996,491276,0,515272,1,56000,12.00,176,144,219200,0.536
74.535,1,176,144,55305,12,15,879,0,894,23996,491276,0,515272,3,56000,12.00,176,144,219200,1.02
74.535,1,176,144,55305,12,15,879,0,894,23996,491276,0,515272,4,56000,12.00,176,144,219464,0.316
74.535,1,176,144,55305,12,15,879,0,894,23996,491276,0,515272,2,56000,12.00,176,144,219464,1.064
157.891,2,480,360,406908,29,87,4646,0,4733,1776729,6254165,0,8030894,1,56000,12.00,176,144,219464,1.956
157.891,2,480,360,406908,29,87,4646,0,4733,1776729,6254165,0,8030894,3,56000,12.00,176,144,219464,1.736
157.891,2,480,360,406908,29,87,4646,0,4733,1776729,6254165,0,8030894,4,56000,12.00,176,144,219464,0.96
157.891,2,480,360,406908,29,87,4646,0,4733,1776729,6254165,0,8030894,2,56000,12.00,176,144,219464,1.592
379.32,2,480,360,181960,25,195,9289,0,9484,3392479,5235193,0,8627672,1,56000,12.00,176,144,219464,2.008
379.32,2,480,360,181960,25,195,9289,0,9484,3392479,5235193,0,8627672,3,56000,12.00,176,144,219464,1.364
379.32,2,480,360,181960,25,195,9289,0,9484,3392479,5235193,0,8627672,4,56000,12.00,176,144,219480,0.772
379.32,2,480,360,181960,25,195,9289,0,9484,3392479,5235193,0,8627672,2,56000,12.00,176,144,219480,1.352
339.667,2,640,480,257699,30,181,10010,0,10191,10121223,820261,0,10941484,1,56000,12.00,176,144,219480,1.528
339.667,2,640,480,257699,30,181,10010,0,10191,10121223,820261,0,10941484,3,56000,12.00,176,144,219480,1.672
339.667,2,640,480,257699,30,181,10010,0,10191,10121223,820261,0,10941484,4,56000,12.00,176,144,219480,1.104
339.667,2,640,480,257699,30,181,10010,0,10191,10121223,820261,0,10941484,2,56000,12.00,176,144,219480,1.46
1140.349,3,1280,720,2394626,30.007017,328,33880,0,34208,20478926,320859863,0,341338789,1,56000,12.00,176,144,219480,3.848
1140.349,3,1280,720,2394626,30.007017,328,33880,0,34208,20478926,320859863,0,341338789,3,56000,12.00,176,144,219480,4.756
1140.349,3,1280,720,2394626,30.007017,328,33880,0,34208,20478926,320859863,0,341338789,4,56000,12.00,176,144,219480,3.66
1140.349,3,1280,720,2394626,30.007017,328,33880,0,34208,20478926,320859863,0,341338789,2,56000,12.00,176,144,219480,4.824
80.536,2,480,360,690041,29,43,2374,0,2417,618732,6327913,0,6946645,1,56000,12.00,176,144,219480,1.548
80.536,2,480,360,690041,29,43,2374,0,2417,618732,6327913,0,6946645,3,56000,12.00,176,144,219480,2.592
80.536,2,480,360,690041,29,43,2374,0,2417,618732,6327913,0,6946645,4,56000,12.00,176,144,219480,1.24
80.536,2,480,360,690041,29,43,2374,0,2417,618732,6327913,0,6946645,2,56000,12.00,176,144,219480,2.54
37.011665,2,1280,720,2759449,29,21,1088,0,1109,1899633,10866846,0,12766479,1,56000,12.00,176,144,219480,5.288
37.011665,2,1280,720,2759449,29,21,1088,0,1109,1899633,10866846,0,12766479,3,56000,12.00,176,144,219480,5.636
37.011665,2,1280,720,2759449,29,21,1088,0,1109,1899633,10866846,0,12766479,4,56000,12.00,176,144,219480,5.188
37.011665,2,1280,720,2759449,29,21,1088,0,1109,1899633,10866846,0,12766479,2,56000,12.00,176,144,219480,6.324
490.6,2,480,360,300437,25,256,12010,0,12266,1448177,16976151,0,18424328,1,56000,12.00,176,144,219480,1.508
490.6,2,480,360,300437,25,256,12010,0,12266,1448177,16976151,0,18424328,3,56000,12.00,176,144,219480,1.824
490.6,2,480,360,300437,25,256,12010,0,12266,1448177,16976151,0,18424328,4,56000,12.00,176,144,219480,0.868
490.6,2,480,360,300437,25,256,12010,0,12266,1448177,16976151,0,18424328,2,56000,12.00,176,144,219480,1.708
270.655,3,640,480,652967,30.062963,89,8028,0,8117,1912240,20178890,0,22091130,1,56000,12.00,176,144,219480,2.064
270.655,3,640,480,652967,30.062963,89,8028,0,8117,1912240,20178890,0,22091130,3,56000,12.00,176,144,219480,2.684
270.655,3,640,480,652967,30.062963,89,8028,0,8117,1912240,20178890,0,22091130,4,56000,12.00,176,144,219480,1.58
270.655,3,640,480,652967,30.062963,89,8028,0,8117,1912240,20178890,0,22091130,2,56000,12.00,176,144,219480,2.592
106.765,2,1280,720,849586,25,66,2603,0,2669,4427240,6911026,0,11338266,1,56000,12.00,176,144,219480,2.752
106.765,2,1280,720,849586,25,66,2603,0,2669,4427240,6911026,0,11338266,3,56000,12.00,176,144,219480,2.976
106.765,2,1280,720,849586,25,66,2603,0,2669,4427240,6911026,0,11338266,4,56000,12.00,176,144,219480,2.436
106.765,2,1280,720,849586,25,66,2603,0,2669,4427240,6911026,0,11338266,2,56000,12.00,176,144,219480,3.228
426.945,2,1280,720,1064703,29,228,12567,0,12795,11297544,45523691,0,56821235,1,56000,12.00,176,144,219480,3.692
426.945,2,1280,720,1064703,29,228,12567,0,12795,11297544,45523691,0,56821235,3,56000,12.00,176,144,219480,4.204
426.945,2,1280,720,1064703,29,228,12567,0,12795,11297544,45523691,0,56821235,4,56000,12.00,176,144,219480,3.444
426.945,2,1280,720,1064703,29,228,12567,0,12795,11297544,45523691,0,56821235,2,56000,12.00,176,144,219480,4.288
67.583336,1,176,144,51225,12,15,777,0,792,47585,385164,0,432749,1,56000,12.00,176,144,219480,0.656
67.583336,1,176,144,51225,12,15,777,0,792,47585,385164,0,432749,3,56000,12.00,176,144,219480,0.872
67.583336,1,176,144,51225,12,15,777,0,792,47585,385164,0,432749,4,56000,12.00,176,144,219480,0.296
67.583336,1,176,144,51225,12,15,777,0,792,47585,385164,0,432749,2,56000,12.00,176,144,219480,1.008
77.233,2,480,360,382461,30,53,2265,0,2318,182297,3510033,0,3692330,1,56000,12.00,176,144,219480,1.412
77.233,2,480,360,382461,30,53,2265,0,2318,182297,3510033,0,3692330,3,56000,12.00,176,144,219480,1.924
77.233,2,480,360,382461,30,53,2265,0,2318,182297,3510033,0,3692330,4,56000,12.00,176,144,219480,0.932
77.233,2,480,360,382461,30,53,2265,0,2318,182297,3510033,0,3692330,2,56000,12.00,176,144,219480,1.952
391.08,2,640,480,230847,25,209,9569,0,9778,9023743,2261252,0,11284995,1,56000,12.00,176,144,219480,1.468
391.08,2,640,480,230847,25,209,9569,0,9778,9023743,2261252,0,11284995,3,56000,12.00,176,144,219480,1.38
391.08,2,640,480,230847,25,209,9569,0,9778,9023743,2261252,0,11284995,4,56000,12.00,176,144,219480,0.916
391.08,2,640,480,230847,25,209,9569,0,9778,9023743,2261252,0,11284995,2,56000,12.00,176,144,219480,1.208
33.09,2,320,240,279173,13,22,434,0,456,101794,1052937,0,1154731,1,56000,12.00,176,144,219480,0.984
33.09,2,320,240,279173,13,22,434,0,456,101794,1052937,0,1154731,3,56000,12.00,176,144,219480,1.756
33.09,2,320,240,279173,13,22,434,0,456,101794,1052937,0,1154731,4,56000,12.00,176,144,219480,0.54
33.09,2,320,240,279173,13,22,434,0,456,101794,1052937,0,1154731,2,56000,12.00,176,144,219480,1.624
292.092,2,480,360,480125,29,156,8599,0,8755,2375028,15155062,0,17530090,1,56000,12.00,176,144,219480,1.588
292.092,2,480,360,480125,29,156,8599,0,8755,2375028,15155062,0,17530090,3,56000,12.00,176,144,219480,2.196
292.092,2,480,360,480125,29,156,8599,0,8755,2375028,15155062,0,17530090,4,56000,12.00,176,144,219480,1.152
292.092,2,480,360,480125,29,156,8599,0,8755,2375028,15155062,0,17530090,2,56000,12.00,176,144,219480,2.168
385.052,3,1280,720,441862,23.979221,77,9155,0,9232,16244376,5023129,0,21267505,1,56000,12.00,176,144,219480,1.596
385.052,3,1280,720,441862,23.979221,77,9155,0,9232,16244376,5023129,0,21267505,3,56000,12.00,176,144,219480,1.824
385.052,3,1280,720,441862,23.979221,77,9155,0,9232,16244376,5023129,0,21267505,4,56000,12.00,176,144,219480,1.244
385.052,3,1280,720,441862,23.979221,77,9155,0,9232,16244376,5023129,0,21267505,2,56000,12.00,176,144,219480,1.68
256.20834,1,176,144,57565,12,56,3018,0,3074,302900,1540700,0,1843600,1,56000,12.00,176,144,219480,0.64
256.20834,1,176,144,57565,12,56,3018,0,3074,302900,1540700,0,1843600,3,56000,12.00,176,144,219480,0.76
256.20834,1,176,144,57565,12,56,3018,0,3074,302900,1540700,0,1843600,4,56000,12.00,176,144,219480,0.312
256.20834,1,176,144,57565,12,56,3018,0,3074,302900,1540700,0,1843600,2,56000,12.00,176,144,219480,0.984
143.03334,1,176,144,51082,12,31,1685,0,1716,56405,856907,0,913312,1,56000,12.00,176,144,219480,0.604
143.03334,1,176,144,51082,12,31,1685,0,1716,56405,856907,0,913312,3,56000,12.00,176,144,219480,1.164
143.03334,1,176,144,51082,12,31,1685,0,1716,56405,856907,0,913312,4,56000,12.00,176,144,219480,0.316
143.03334,1,176,144,51082,12,31,1685,0,1716,56405,856907,0,913312,2,56000,12.00,176,144,219480,1.356
273.816,3,1920,1080,1571003,25.065933,77,6766,0,6843,6190779,47579961,0,53770740,1,56000,12.00,176,144,219656,5.344
273.816,3,1920,1080,1571003,25.065933,77,6766,0,6843,6190779,47579961,0,53770740,3,56000,12.00,176,144,219656,5.64
273.816,3,1920,1080,1571003,25.065933,77,6766,0,6843,6190779,47579961,0,53770740,4,56000,12.00,176,144,219656,4.988
273.816,3,1920,1080,1571003,25.065933,77,6766,0,6843,6190779,47579961,0,53770740,2,56000,12.00,176,144,219656,6
163.897,4,320,240,267032,29,87,4826,0,4913,824159,4646573,0,5470732,1,56000,12.00,176,144,219656,0.892
163.897,4,320,240,267032,29,87,4826,0,4913,824159,4646573,0,5470732,3,56000,12.00,176,144,219656,1.332
163.897,4,320,240,267032,29,87,4826,0,4913,824159,4646573,0,5470732,4,56000,12.00,176,144,219656,0.5
163.897,4,320,240,267032,29,87,4826,0,4913,824159,4646573,0,5470732,2,56000,12.00,176,144,219656,1.22
167.39166,2,1280,720,2207484,24,86,3931,0,4017,4369420,41819887,0,46189307,1,56000,12.00,176,144,219656,3.76
167.39166,2,1280,720,2207484,24,86,3931,0,4017,4369420,41819887,0,46189307,3,56000,12.00,176,144,219656,4.016
167.39166,2,1280,720,2207484,24,86,3931,0,4017,4369420,41819887,0,46189307,4,56000,12.00,176,144,219656,3.632
167.39166,2,1280,720,2207484,24,86,3931,0,4017,4369420,41819887,0,46189307,2,56000,12.00,176,144,219656,4.748
69.933,4,320,240,272898,15,37,1013,0,1050,349781,2035796,0,2385577,1,56000,12.00,176,144,219656,0.832
69.933,4,320,240,272898,15,37,1013,0,1050,349781,2035796,0,2385577,3,56000,12.00,176,144,219656,1.272
69.933,4,320,240,272898,15,37,1013,0,1050,349781,2035796,0,2385577,4,56000,12.00,176,144,219656,0.368
69.933,4,320,240,272898,15,37,1013,0,1050,349781,2035796,0,2385577,2,56000,12.00,176,144,219656,1.316
440.967,2,320,240,281642,30,236,12994,0,13230,2444863,13079542,0,15524405,1,56000,12.00,176,144,219656,1.604
440.967,2,320,240,281642,30,236,12994,0,13230,2444863,13079542,0,15524405,3,56000,12.00,176,144,219656,1.24
440.967,2,320,240,281642,30,236,12994,0,13230,2444863,13079542,0,15524405,4,56000,12.00,176,144,219656,0.636
440.967,2,320,240,281642,30,236,12994,0,13230,2444863,13079542,0,15524405,2,56000,12.00,176,144,219656,1.38
63.667,2,640,480,972572,15,33,923,0,956,1259657,6480438,0,7740095,1,56000,12.00,176,144,219656,1.616
63.667,2,640,480,972572,15,33,923,0,956,1259657,6480438,0,7740095,3,56000,12.00,176,144,219656,2.376
63.667,2,640,480,972572,15,33,923,0,956,1259657,6480438,0,7740095,4,56000,12.00,176,144,219656,1.168
63.667,2,640,480,972572,15,33,923,0,956,1259657,6480438,0,7740095,2,56000,12.00,176,144,219656,2.348
86.486,2,640,480,356037,29,46,2547,0,2593,819680,3029350,0,3849030,1,56000,12.00,176,144,219656,2.008
86.486,2,640,480,356037,29,46,2547,0,2593,819680,3029350,0,3849030,3,56000,12.00,176,144,219656,1.796
86.486,2,640,480,356037,29,46,2547,0,2593,819680,3029350,0,3849030,4,56000,12.00,176,144,219656,1.136
86.486,2,640,480,356037,29,46,2547,0,2593,819680,3029350,0,3849030,2,56000,12.00,176,144,219656,1.824
473,2,320,240,164017,25,198,10924,704,11826,1419320,8047423,0,9697521,1,56000,12.00,176,144,219656,1.18
473,2,320,240,164017,25,198,10924,704,11826,1419320,8047423,0,9697521,3,56000,12.00,176,144,220808,1.596
473,2,320,240,164017,25,198,10924,704,11826,1419320,8047423,0,9697521,4,56000,12.00,176,144,220900,0.692
473,2,320,240,164017,25,198,10924,704,11826,1419320,8047423,0,9697521,2,56000,12.00,176,144,220900,1.64
282.56,2,640,480,559834,25,145,6920,0,7065,4966509,14806840,0,19773349,1,56000,12.00,176,144,220900,1.656
282.56,2,640,480,559834,25,145,6920,0,7065,4966509,14806840,0,19773349,3,56000,12.00,176,144,221152,1.832
282.56,2,640,480,559834,25,145,6920,0,7065,4966509,14806840,0,19773349,4,56000,12.00,176,144,221152,1.056
282.56,2,640,480,559834,25,145,6920,0,7065,4966509,14806840,0,19773349,2,56000,12.00,176,144,221152,1.612
340.424,4,320,240,244491,11,69,4012,0,4081,1168939,9234909,0,10403848,1,56000,12.00,176,144,221152,1.048
340.424,4,320,240,244491,11,69,4012,0,4081,1168939,9234909,0,10403848,3,56000,12.00,176,144,221152,0.936
340.424,4,320,240,244491,11,69,4012,0,4081,1168939,9234909,0,10403848,4,56000,12.00,176,144,221152,0.308
340.424,4,320,240,244491,11,69,4012,0,4081,1168939,9234909,0,10403848,2,56000,12.00,176,144,221152,1.072
69.93833,1,176,144,56717,12,14,825,0,839,47521,448322,0,495843,1,56000,12.00,176,144,221152,0.604
69.93833,1,176,144,56717,12,14,825,0,839,47521,448322,0,495843,3,56000,12.00,176,144,221152,0.88
69.93833,1,176,144,56717,12,14,825,0,839,47521,448322,0,495843,4,56000,12.00,176,144,221152,0.292
69.93833,1,176,144,56717,12,14,825,0,839,47521,448322,0,495843,2,56000,12.00,176,144,221152,0.944
368.32,3,640,480,29096,25.02174,74,9134,0,9208,869558,470067,0,1339625,1,56000,12.00,176,144,221152,1.24
368.32,3,640,480,29096,25.02174,74,9134,0,9208,869558,470067,0,1339625,3,56000,12.00,176,144,221152,1.26
368.32,3,640,480,29096,25.02174,74,9134,0,9208,869558,470067,0,1339625,4,56000,12.00,176,144,221152,0.74
368.32,3,640,480,29096,25.02174,74,9134,0,9208,869558,470067,0,1339625,2,56000,12.00,176,144,221152,1.04
131.76,3,640,480,104723,25.145039,37,3257,0,3294,945865,778937,0,1724802,1,56000,12.00,176,144,221152,1.288
131.76,3,640,480,104723,25.145039,37,3257,0,3294,945865,778937,0,1724802,3,56000,12.00,176,144,221152,1.416
131.76,3,640,480,104723,25.145039,37,3257,0,3294,945865,778937,0,1724802,4,56000,12.00,176,144,221152,0.78
131.76,3,640,480,104723,25.145039,37,3257,0,3294,945865,778937,0,1724802,2,56000,12.00,176,144,221152,1.316
49.178333,1,176,144,54338,7,10,334,0,344,33046,300986,0,334032,1,56000,12.00,176,144,221152,0.6
49.178333,1,176,144,54338,7,10,334,0,344,33046,300986,0,334032,3,56000,12.00,176,144,221160,0.612
49.178333,1,176,144,54338,7,10,334,0,344,33046,300986,0,334032,4,56000,12.00,176,144,221160,0.276
49.178333,1,176,144,54338,7,10,334,0,344,33046,300986,0,334032,2,56000,12.00,176,144,221160,0.828
395.44,3,1280,720,1611942,25.027847,80,9806,0,9886,5073258,74605061,0,79678319,1,56000,12.00,176,144,221160,1.684
395.44,3,1280,720,1611942,25.027847,80,9806,0,9886,5073258,74605061,0,79678319,3,56000,12.00,176,144,221160,1.9
395.44,3,1280,720,1611942,25.027847,80,9806,0,9886,5073258,74605061,0,79678319,4,56000,12.00,176,144,221160,1.38
395.44,3,1280,720,1611942,25.027847,80,9806,0,9886,5073258,74605061,0,79678319,2,56000,12.00,176,144,221160,1.94
311.1,1,176,144,56416,12,113,3620,0,3733,127552,2066350,0,2193902,1,56000,12.00,176,144,221160,0.648
311.1,1,176,144,56416,12,113,3620,0,3733,127552,2066350,0,2193902,3,56000,12.00,176,144,221160,0.688
311.1,1,176,144,56416,12,113,3620,0,3733,127552,2066350,0,2193902,4,56000,12.00,176,144,221160,0.28
311.1,1,176,144,56416,12,113,3620,0,3733,127552,2066350,0,2193902,2,56000,12.00,176,144,221160,0.876
95.462,2,640,480,809256,29,51,2811,0,2862,886496,8770159,0,9656655,1,56000,12.00,176,144,221160,2
95.462,2,640,480,809256,29,51,2811,0,2862,886496,8770159,0,9656655,3,56000,12.00,176,144,221160,2.412
95.462,2,640,480,809256,29,51,2811,0,2862,886496,8770159,0,9656655,4,56000,12.00,176,144,221160,1.512
95.462,2,640,480,809256,29,51,2811,0,2862,886496,8770159,0,9656655,2,56000,12.00,176,144,221160,2.54
203.198,4,320,240,239336,29,104,5974,0,6078,853613,5225468,0,6079081,1,56000,12.00,176,144,221160,1.268
203.198,4,320,240,239336,29,104,5974,0,6078,853613,5225468,0,6079081,3,56000,12.00,176,144,221160,1.24
203.198,4,320,240,239336,29,104,5974,0,6078,853613,5225468,0,6079081,4,56000,12.00,176,144,221160,0.392
203.198,4,320,240,239336,29,104,5974,0,6078,853613,5225468,0,6079081,2,56000,12.00,176,144,221160,1.232
254.922,3,480,360,260667,30.062992,51,7585,0,7636,918325,7387906,0,8306231,1,56000,12.00,176,144,221160,1.848
254.922,3,480,360,260667,30.062992,51,7585,0,7636,918325,7387906,0,8306231,3,56000,12.00,176,144,221160,1.764
254.922,3,480,360,260667,30.062992,51,7585,0,7636,918325,7387906,0,8306231,4,56000,12.00,176,144,221160,0.968
254.922,3,480,360,260667,30.062992,51,7585,0,7636,918325,7387906,0,8306231,2,56000,12.00,176,144,221160,1.8
1768.9417,1,176,144,56152,12,354,20873,0,21227,1382103,11034284,0,12416387,1,56000,12.00,176,144,221160,0.68
1768.9417,1,176,144,56152,12,354,20873,0,21227,1382103,11034284,0,12416387,3,56000,12.00,176,144,221160,1.24
1768.9417,1,176,144,56152,12,354,20873,0,21227,1382103,11034284,0,12416387,4,56000,12.00,176,144,227284,0.316
1768.9417,1,176,144,56152,12,354,20873,0,21227,1382103,11034284,0,12416387,2,56000,12.00,176,144,238660,1.372
452.689,3,320,240,66680,5.7057524,42,2537,0,2579,207037,3566163,0,3773200,1,56000,12.00,176,144,246412,1.244
452.689,3,320,240,66680,5.7057524,42,2537,0,2579,207037,3566163,0,3773200,3,56000,12.00,176,144,247900,1.672
452.689,3,320,240,66680,5.7057524,42,2537,0,2579,207037,3566163,0,3773200,4,56000,12.00,176,144,248092,0.544
452.689,3,320,240,66680,5.7057524,42,2537,0,2579,207037,3566163,0,3773200,2,56000,12.00,176,144,251408,1.608
860.056,3,1280,720,2688309,29.968605,277,25496,0,25773,12989828,276022270,0,289012098,1,56000,12.00,176,144,256204,4.132
860.056,3,1280,720,2688309,29.968605,277,25496,0,25773,12989828,276022270,0,289012098,3,56000,12.00,176,144,260804,5.116
860.056,3,1280,720,2688309,29.968605,277,25496,0,25773,12989828,276022270,0,289012098,4,56000,12.00,176,144,262784,3.94
620.36,2,480,360,294417,25,335,15175,0,15510,4308257,18522348,0,22830605,3,56000,12.00,176,144,27992,1.952
108.34333,1,176,144,52886,12,22,1278,0,1300,50353,665882,0,716235,1,56000,12.00,176,144,45792,0.732
148.348,4,320,240,215810,29,76,4371,0,4447,1233609,2768276,0,4001885,4,56000,12.00,176,144,55012,1.272
32.267,2,480,360,545450,30,19,950,0,969,177026,2022981,0,2200007,2,56000,12.00,176,144,55580,3.528
192.005,2,1280,720,161277,25,89,4711,0,4800,3508866,361906,0,3870772,4,56000,12.00,176,144,74700,1.756
567.24,2,1280,720,914544,29,302,16698,0,17000,61961970,2883815,0,64845785,2,56000,12.00,176,144,80208,3.452
128.12666,1,176,144,49923,12,26,1511,0,1537,58334,741239,0,799573,3,56000,12.00,176,144,80512,2.692
96.333,4,320,240,247866,15,278,1168,0,1446,978755,2005962,0,2984717,1,56000,12.00,176,144,87256,1.144
